height: 480
width: 640
D: [0.06125029820324324, -0.257389740784583, -0.00237028109449122, -0.001527222736395927, 0.2510223550795293]
K: [538.1205015340275, 0.0, 320.1907083355671, 0.0, 538.8161350919124, 230.9865792229119, 0.0, 0.0, 1.0]
R: [1.0, 0.0, 0.0, 0.0, 1.0, 0.0, 0.0, 0.0, 1.0]
P: [538.1205015340275, 0.0, 320.1907083355671, 0.0, 0.0, 538.8161350919124, 230.9865792229119, 0.0, 0.0, 0.0, 1.0, 0.0]
